20728.4328667  9810.73071575  -11047.4465225  20645.7304403  4495.85151539  8045.48369073  13716.0313355  1037.47196603  9447.81158309  -9390.35955475  -585.96960413  4125.67240464  -15888.2137398  25552.4162214  11223.5736096  -11055.520481  
10805.818645  5169.01975973  -5800.5702378  10842.8213736  2235.50443066  4189.43555777  7123.98189425  490.15304657  4908.11740605  -4865.44414368  -431.571904027  2219.54008369  -8321.37047123  13335.5963495  5883.66032536  -5801.940939  
1091.14407905  562.295765026  -623.831241529  983.483894364  335.807219436  417.77454789  671.076419523  115.066598495  394.530403157  -520.223334508  69.9234510775  160.480873009  -795.037832672  1348.5860019  551.070794813  -634.574285827  
2622.52081853  1257.07690226  -1386.59428987  2591.96375796  551.346576174  1007.79024034  1713.39045552  126.548966117  1181.23060863  -1171.17933819  -91.7271154706  517.016312273  -1985.2069127  3228.28027206  1407.99841618  -1407.88361507  
4512.51772534  2121.01556081  -2373.32587914  4369.53371027  1123.69076021  1766.17353224  2989.22983226  307.639156522  2022.65660283  -2071.0762963  42.0488453706  808.616023064  -3392.01155041  5562.69882478  2405.0537396  -2393.62501571  
9106.82796814  4303.77282809  -4839.39414054  9136.45067648  1897.69277894  3558.03298574  6029.79427095  420.384927577  4179.51951718  -4102.06571115  -339.941953501  1849.286568  -7002.98032606  11237.0508727  4968.80498402  -4828.49917568  
-821.163103014  -346.654535704  440.075207098  -655.095643133  -416.477213548  -331.891383562  -561.98825349  -177.366722488  -319.951405067  458.688661198  -246.795122916  -45.8011063127  569.228833387  -1007.8128875  -388.025257606  426.786790531  
980.515294827  449.055844922  -521.674823026  843.495980905  362.471472001  382.633498825  639.652325033  143.033565849  390.163409174  -494.903886541  144.419943874  109.162240334  -687.601419149  1201.17535877  482.628378004  -524.994460243  
8023.13683687  3813.99824804  -4258.23268755  7883.51865367  1829.70451638  3118.17946465  5280.53100682  455.296534851  3601.60828098  -3639.0317502  -124.252803709  1528.52266415  -6084.87478053  9890.09716029  4307.6986474  -4289.51507851  
4905.18962358  2336.44894063  -2640.29367322  4887.36310629  1077.33516368  1919.89107357  3232.73391867  257.018083627  2204.33852199  -2231.93740716  -129.012682827  975.169662905  -3770.89502384  6058.94697587  2666.04106782  -2625.66041544  
7485.69270273  3529.94107109  -3980.47454134  7401.4774074  1687.28194712  2914.23040552  4955.72464488  417.022287483  3395.55622848  -3412.0724683  -135.13002207  1452.04336069  -5708.57982799  9226.7979785  4038.8569382  -3982.72752413  
11038.4610443  5226.18498074  -5897.70193735  10913.1267303  2489.02223526  4290.9431892  7289.8615207  619.684342206  4977.2490622  -5037.97519691  -203.660049895  2147.99679675  -8423.75375127  13609.6220147  5951.13567971  -5896.29936316  
330.776270597  179.879316405  -215.993781871  216.66799845  196.182942786  108.876258497  187.493095984  85.7280708497  67.4756994567  -192.762239272  120.678732054  2.22729765009  -213.542662809  399.98122099  126.384405829  -224.447238221  
17578.3753554  8301.0603873  -9353.0437129  17571.3348387  3756.84885713  6828.90293105  11656.2833632  843.763819587  8062.3010349  -7948.15712799  -556.749928509  3532.74503691  -13503.7256382  21670.9111666  9543.42749073  -9351.29212144  
6408.67117096  3095.87063972  -3439.18599809  6589.27589947  1096.52763386  2471.73509262  4207.3000903  160.688064543  2965.65839488  -2808.74457243  -516.588661743  1429.03647594  -4995.71311068  7910.08354507  3542.74713868  -3445.32552625  
-6552.87111277  -3147.24698054  3526.73754651  -6563.1525028  -1374.87142155  -2537.2585488  -4317.89871012  -304.562150925  -2963.43705285  2952.69106817  242.475097712  -1340.23561287  5044.97280764  -8089.48409863  -3562.65922186  3533.22499902  
