15.4630363318  -22.1022967506  -38.4847004316  49.7814130587  -19.8464932192  -28.9766223448  12.2670631866  -40.0045119159  -22.5747084859  -28.2788650569  30.1089998028  52.4936204041  -30.6233382116  39.2509560639  4.34064637412  14.1963617049  
51.9524443074  -44.6583623868  -14.9626166487  86.5946833189  -25.8654458675  -1.34033888227  17.1336798302  -21.2431942223  -6.70929370232  -0.420927575736  64.9851011896  88.9248293193  -20.8132199444  29.2428899336  -4.91136340359  -18.5002779842  
13.1739082081  -30.2264619758  -14.1983257396  21.1534913491  -24.7848759468  -24.1670027641  3.30658206216  -18.8544699122  -32.126641157  -6.61196837253  22.2139814688  27.5535714123  -25.6792790669  17.4457509249  -0.234448166416  -2.77093797873  
13.2563718429  9.79676860258  23.7677063701  14.1494322935  16.7830659676  36.6969451221  0.290025776811  28.2300500902  37.9052573151  24.5550746932  6.85707928289  6.28651613963  27.7867479321  -15.680452347  -5.89260220133  -16.7979922459  
15.5438757082  -23.2227596169  12.5088238245  22.8379250803  -1.09695988892  30.3037186256  -2.67477441044  12.6283065242  12.9183356397  16.4888552772  19.2470809861  18.4825776834  11.1456944052  2.27155543584  -13.905533928  -32.7188855098  
-18.5482890402  21.8028759137  10.0715853124  -24.9612636785  11.2086932869  -1.91850723172  2.3196505557  10.6415935175  6.45019243011  2.77091413971  -19.2798989149  -28.8597767753  11.7727178382  -12.338734532  11.5173807778  10.6522404065  
19.6280985572  -19.0629750879  9.93703350333  19.1303919147  -7.58768939006  5.51057227262  4.70422596381  4.07789149788  -2.78621429813  10.7539002597  20.9840484551  21.7796422174  -0.464760484574  -2.98543034123  -2.46950777537  -16.9042730985  
-3.20745527812  0.0740900424383  3.07707169144  -24.4116891602  -4.69227045749  -11.6507821819  -1.08400174029  1.84515607592  -14.3955256013  0.605479656741  -11.5542224662  -15.1346534094  -7.15871635932  -11.9023052442  3.2057054778  1.9198420598  
24.5018987142  -23.4349612608  -4.71863903354  39.7271246035  -12.6188897458  0.0813749616313  10.790518819  -7.84577711433  -4.03282476324  1.51809075221  30.7851793452  41.6768098914  -9.02706170705  12.3450774816  0.261349737333  -12.2912911764  
-4.52514334137  -7.54017713505  -16.9396273377  -14.2280699087  -14.4315721657  -28.4059160068  -2.60810107261  -17.3843732721  -29.6640785983  -14.1108113969  -6.99977102872  -3.81421924216  -23.6415200831  6.43282399464  1.7540159115  12.0792473825  
38.1025051564  -33.1280090271  -21.9303506223  74.2745142764  -21.6900920873  -7.81240077533  12.6558574158  -24.9759236883  -7.52907799839  -7.63191057126  51.9254527863  74.0044359831  -21.6110293608  32.5574546557  -3.75287507232  -5.86685952079  
13.7748471984  -6.41606001966  -8.47383318925  26.4731111781  -7.85971437956  -13.0150970444  9.97606850254  -10.7903232201  -6.35976659457  -4.63183987158  18.3025019888  28.0300751747  -9.41453619492  9.54470952273  6.46347141275  6.89825235985  
10.9683539167  -23.7554574755  -4.94572662404  29.2445777161  -7.74110859524  10.5749362879  -1.12662774637  -4.42766180083  -0.697114430058  2.1375369836  20.5821137837  25.1787573626  -2.28988007922  17.1447593235  -9.80210571192  -17.3217707404  
-7.55541402554  30.7568493049  39.0248670276  -27.1395759156  31.2194800086  47.6744667385  -8.77722842281  46.2269809157  48.496372374  32.365428556  -22.7260229362  -36.6447987563  43.557435187  -35.7722543489  -6.33409614461  -15.7889674506  
-2.72052534445  -5.14460635488  19.0647935347  -22.6625875366  -3.93676423815  -0.436280929564  -3.3064991344  15.0366275672  -9.55645977958  15.2771178893  -5.79613555005  -19.426451428  3.24708000392  -17.4556778892  0.994245365443  -10.6168647923  
42.6671856398  -39.851047663  7.98369754716  51.2487716438  -14.6449259159  20.9057570808  4.21061747217  3.02883845088  3.31350390336  16.628726333  44.5582958411  54.5232377404  -2.94578969055  5.64161616844  -14.9977796497  -35.5955125543  
