1.516  -0.371  
0.359  2.414  
-0.302  1.813  
-1.999  -1.143  
1.828  -1.208  
3.748  -0.04  
4.676  -2.509  
-0.76  0.259  
0.722  -0.424  
-0.271  -2.236  
-0.47  0.713  
1.733  2.827  
4.186  1.413  
1.784  -2.113  
1.91  3.255  
-0.372  -0.332  
0.983  -0.664  
-0.946  3.271  
1.604  1.259  
3.316  2.024  
3.226  -0.197  
3.328  2.829  
4.608  3.939  
3.678  5.319  
-0.226  4.326  
2.565  -1.343  
-1.975  -1.393  
-2.269  0.641  
1.172  -2.157  
1.053  1.368  
1.394  9.84  
0.695  -1.213  
-0.669  -0.15  
-0.153  0.398  
1.354  4.135  
3.552  -3.23  
0.975  2.439  
1.377  1.472  
4.175  -1.746  
0.272  2.758  
2.183  -1.034  
-1.449  1.581  
-1.764  2.309  
3.004  0.667  
1.565  -0.218  
6.337  -1.76  
-1.318  2.25  
-2.892  -1.179  
0.96  2.619  
2.644  3.196  
-2.01  3.224  
4.599  3.719  
3.414  0.606  
-0.542  1.653  
-2.997  -0.977  
2.154  -2.305  
3.199  0.98  
1.648  2.491  
1.549  0.257  
-1.266  1.374  
